00476190
00659061
00099815
00374884
00496100
00100942
00333085
00493930
00497170
00089287
00324359
00328218
00494092
00100554
00332093
00492971
00717201
00081262
00036886
00087306
00278509
00310181
00350635
00490318
00503014
00039482
00081269
00081471
00285796
00721007
00071346
00081259
00089420
00320914
00473486
00492751
00604896
00689896
00698117
00723511
00934263
00062846
00081264
00294273
00328213
00328522
00330294
00458852
00476303
00766007
00071384
00072827
00079632
00087406
00088862
00095378
00095620
00100432
00127503
00140481
00224810
00227909
00227914
00294840
00299480
00300448
00328517
00330610
00331988
00351198
00358595
00398154
00403294
00472592
00475929
00486166
00492999
00514662
00583508
00622082
00698229
00718405
00760291
00789300
00065071
00100548
00100550
00200428
00328208
00387832
00738512
00162371
00289430
00292489
00292976
00304723
00412375
00492682
00517067
00569503
00975339
00051633
00093944
00100941
00258067
00294644
00294846
00299347
00330273
00332064
00390289
00467897
00476307
00486340
00497224
00724387
00727294
00006475
00036289
00334070
00584418
00660908
00821419
00290993
00328518
00444014
00505469
00734201
00734218
00968871
00054647
00078347
00082511
00328519
00330352
00335549
00403269
00470842
00492728
00493833
00567573
00621135
00741740
00745422
00112043
00129542
00486326
00494014
00727290
00183437
00343720
00354209
00359560
00475584
00611520
00918455
00070500
00088852
00294658
00472587
00614891
00717218
00723512
00821537
00082154
00409603
00458754
00587443
00039481
00076870
00081442
00089375
00232565
00294843
00332024
00420574
00699338
00089525
00294643
00334802
00387092
00458878
00605155
00617429
00661763
00794995
00802638
00922106
00089413
00089422
00388371
00457888
00492990
00621130
00636020
00660985
00670343
00705697
00705716
00717342
00913586
00039483
00085365
00088860
00088871
00089390
00089415
00241892
00332116
00335005
00470158
00536166
00537189
00537191
00569016
00636010
00636033
00923181
00014180
00027993
00030059
00031431
00035452
00036890
00038415
00039028
00039210
00039460
00039480
00039484
00039485
00040029
00045709
00047336
00049636
00050634
00057532
00060635
00062342
00064810
00065862
00067406
00070541
00071395
00076295
00079813
00081215
00081483
00082159
00082979
00087061
00087125
00087617
00088851
00088855
00088857
00088859
00089293
00089338
00089339
00089417
00097890
00098810
00099789
00100199
00100336
00100972
00104416
00115585
00116829
00121185
00143204
00153594
00164668
00179267
00182641
00190856
00199739
00200512
00201217
00208806
00213678
00224769
00224788
00224834
00234415
00235341
00241946
00241948
00245257
00248054
00258824
00259303
00279693
00291102
00291345
00294685
00294803
00300452
00302403
00304724
00306770
00313085
00316912
00328099
00328198
00333496
00350086
00360516
00369816
00371478
00375898
00381378
00383900
00406772
00420573
00429298
00431844
00439326
00444286
00451038
00457860
00462227
00470882
00473245
00492073
00492590
00494000
00496194
00496251
00501772
00504801
00506180
00507073
00509984
00510004
00512300
00512699
00515612
00528862
00545023
00558808
00561942
00566391
00574154
00580293
00585268
00596154
00610916
00612971
00612972
00612977
00615113
00619501
00621132
00621147
00621758
00625604
00626141
00628584
00636014
00636609
00640943
00647021
00651955
00655148
00659340
00662462
00662701
00663067
00665525
00679224
00690366
00718411
00724397
00727292
00727295
00727303
00733176
00734144
00741217
00762514
00768578
00771454
00779047
00794451
00794685
00816812
00818359
00818360
00855758
00873011
00877073
00885748
00925143
00981054
00987918
00988706
00071385
00091430
00099801
00102402
00140183
00267826
00299430
00471104
00493761
00493996
00761125
00054613
00464518
00486158
00724529
00727328
00738158
00740513
00740797
00740838
00759616
00802610
00334981
00336747
00036273
00038702
00053206
00081481
00081486
00088388
00114127
00119696
00241896
00294785
00294847
00328520
00334749
00433205
00474255
00536362
00695757
00718436
00724585
00727950
00775236
00811478
00847152
00905823
00897096
00724640
00743109
00394296
00496095
00720468
00071369
00328194
00330257
00851413
00407928
00493010
00721519
00037071
00051073
00081257
00099804
00241904
00656651
00076873
00095473
00073861
00297870
00291911
00297389
00647859
00670169
00476195
00492594
00492755
00725564
00727334
00734263
00039479
00493828
00503511
00332095
00353934
00476193
00490099
00625327
00493004
00658364
00698087
00724545
00138077
00551799
00039321
00515124
00513974
00074444
00100549
00489366
00982677
00294844
00441497
00496160
00497237
00723665
00036888
00081446
00328681
00343601
00589972
00871321
00445836
00472569
00477899
00510738
00635753
00651213
00106874
00294686
00445833
00102409
00230438
00621088
00328577
00287514
00288103
00472589
00101014
00472571
00099809
00310617
00328521
00472591
00646222
00114757
00254597
00721604
00017049
00472595
00483114
00663611
00102514
00118907
00514647
00082736
00294783
00359507
00477897
00082771
00086293
00089299
00347094
00410507
00512692
00514307
00514655
00657250
00724631
00968861
00076803
00277555
00288361
00368811
00497304
00230491
00493068
00663811
00037264
00302423
00653498
00331980
00893844
00294681
00581295
00675949
00758570
00457905
00468372
00473403
00366892
00567575
00464057
00493982
00575325
00077883
00182208
00943685
00071406
00327316
00486177
00489385
00492795
00567538
00099813
00328202
00332094
00333086
00523395
00332250
00332970
00354167
00489223
00486165
00497239
00498356
00983111
00333056
00492890
00724309
00330309
00336897
00373801
00507821
00119634
00231294
00089410
00319219
00472583
00699223
00332047
00724294
00040188
00472585
00076804
00294842
00224832
00488395
00367323
00494016
00100559
00359506
00231372
00511772
00332022
00504627
00140266
00332764
00718413
00359510
00498179
00230488
00492742
00118913
00076859
00309069
00039486
00939024
00124179
00588776
00328683
00273578
00724383
00923595
00492617
00232240
00367297
00618083
00677960
00489333
00089347
00143752
00241923
00718398
00036887
00332026
00299479
00359357
00394175
00734217
00338988
00457969
00723510
00728935
00780055
00335457
00328188
00762507
00493844
00328679
00717208
00119533
00328043
00496093
00334933
00294652
00698083
00071339
00332023
00520595
00723593
00341362
00334912
00968873
00294845
00071414
00159763
00337390
00492589
00334994
00653052
00496128
00039489
00332092
00332765
00333073
00494015
00332156
00647896
00230487
00718394
00367387
00567577
00241522
00494345
00076872
00362109
00330243
00492995
00328677
00470516
00654382
00328561
00472596
00088854
00328684
00332054
00134822
00301448
00723648
00497108
00062280
00072442
00561811
00333080
00380666
00231805
00082768
00941498
00330274
00299253
00359334
00718399
00368833
00112494
00058391
00089408
00494022
00490095
00088874
00627334
00081266
00496327
00734202
00230435
00593488
00490118
00513983
00473502
00724560
00737705
00472586
00336875
00493829
00479543
00139989
00492964
00493873
00088870
00492714
00077880
00294682
00076822
00094988
00734264
00293635
00230442
00690481
00402903
00081475
00531658
00102408
00766982
00089424
00054419
00293616
00328564
00310563
00968945
00687654
00230440
00062621
00241920
00140739
00223787
00037409
00036889
00258046
00543020
00551224
00595017
00328199
00372719
00734981
00705627
00703145
00718279
00724720
00703159
00258076
00977332
00435864
00444675
00717202
00492698
00492592
00308339
00656649
00082139
00381767
00874546
00165812
00054862
00147407
00160593
00138395
00266155
00102471
00627227
00169108
00208805
00081427
00118553
00454898
00487051
00487276
00052508
00222418
00487054
00487055
00487059
00637968
00055628
00063246
00065671
00089463
00099983
00101381
00143088
00147410
00224799
00269558
00348040
00455037
00487044
00487047
00487050
00487056
00487057
00487061
00487277
00487278
00487279
00487288
00487301
00490120
00492353
00505395
00575948
00592106
00641440
00837520
00299345
00358619
00487049
00487060
00487066
00487177
00487052
00998544
00487140
00487045
00030540
00150706
00081271
00897145
00514703
00514677
00147409
00473444
00487058
00512910
00962958
00962961
00782541
00637675
00759519
00874547
00874548
00458819
00147411
00760018
00281361
00779999
00285217
00813718
00006444
00241499