00487045
00030540
00487140
00063246
00487051
00487276
00299345
00222418
00487060
00627227
00454898
00358619
00487044
00081427
00487177
00487052
00637968
00998544
00487066
00055628
00065671
00089463
00099983
00101381
00143088
00208805
00224799
00269558
00348040
00455037
00487047
00487049
00487055
00487056
00487057
00487061
00487277
00487278
00487279
00487288
00487301
00490120
00492353
00575948
00592106
00641440
00837520
00118553
00052508
00081271
00487054
00487059
00147410
00487050
00505395
00147409
00782541
00487058
00512910
00514677
00514703
00160593
00759519
00266155
00169108
00281361
00147411
00150706
00147407
00285217
00241499
00473444
00760018
00637675
00241936
00039488
00335800
00333642
00618135
00335736
00199978
00458819
00335645
00335733
00206132
00498478
00254906
00653079
00656660
00577486
00310563
00335734
00656648
00636041
00330274
00224832
00635753
00293635
00656649
00498179
00119634
00140739
00082139
00102408
00968873
00159763
00076873
00670169
00472596
00653498
00309069
00293616
00476195
00395050
00457905
00223787
00575325
00368811
00095378
00301448
00343720
00475584
00611520
00082768
00923595
00231372
00394175
00062280
00359510
00718399
00332092
00297389
00359357
00496093
00341362
00717208
00734202
00737705
00088874
00232240
00328043
00328679
00241923
00588776
00319219
00497108
00089408
00337390
00494022
00492589
00581295
00675949
00081266
00099809
00040188
00496327
00718413
00112494
00497237
00058391
00333056
00332250
00472585
00618083
00677960
00871321
00328577
00489366
00511772
00489385
00492795
00523395
00699223
00724631
00036887
00328683
00493829
00653052
00718398
00139989
00489333
00294643
00287514
00288103
00490095
00724383
00089347
00124179
00143752
00593488
00821419
00494345
00505469
00507821
00099815
00332156
00470842
00496100
00504627
00230435
00496160
00975339
00065071
00100550
00200428
00230491
00403269
00412375
00458852
00472569
00766007
00472583
00494014
00497224
00734218
00738512
00138077
00332765
00494015
00636020
00081259
00081262
00089420
00127503
00294846
00503014
00604896
00333073
00472571
00129542
00350635
00513983
00567575
00659061
00017049
00472589
00493982
00721604
00101014
00367297
00493004
00663811
00162371
00292489
00292976
00294681
00304723
00334802
00698229
00477899
00496095
00738158
00359506
00362109
00939024
00036886
00071414
00310181
00330309
00483114
00510738
00614891
00294783
00327316
00468372
00472595
00490118
00494016
00647859
00076870
00353934
00651213
00082736
00086293
00089299
00102409
00277555
00288361
00347094
00410507
00512692
00514307
00514647
00514655
00621088
00657250
00758570
00082771
00254597
00273578
00494092
00497239
00324359
00328194
00445833
00625327
00723665
00727294
00081446
00100554
00140266
00328218
00335549
00343601
00354209
00445836
00472587
00492971
00567538
00893844
00036888
00037264
00077883
00302423
00330294
00589972
00983111
00087306
00367323
00477897
00486326
00490318
00646222
00705716
00943685
00051633
00328521
00328681
00390289
00467897
00472591
00515124
00074444
00100941
00285796
00458878
00476193
00492682
00661763
00794995
00802638
00982677
00258067
00335005
00336747
00360516
00486177
00071406
00095473
00100549
00587443
00724545
00724640
00743109
00289430
00486165
00492890
00498356
00724309
00328202
00330352
00332116
00334070
00486340
00727334
00922106
00100548
00231294
00333086
00071346
00072827
00078347
00079632
00081269
00082511
00100432
00183437
00227909
00227914
00299480
00300448
00320914
00328517
00331988
00403294
00472592
00473486
00486166
00492999
00493833
00514662
00517067
00567577
00569503
00621135
00698117
00723511
00741740
00745422
00789300
00039483
00085365
00088860
00088871
00241892
00294840
00394296
00470158
00492751
00536166
00537189
00537191
00636033
00934263
00054647
00089422
00294644
00299347
00328518
00330273
00332064
00336897
00354167
00366892
00409603
00476307
00492742
00569016
00626141
00660908
00689896
00721007
00724387
00051073
00054613
00071384
00071385
00081257
00087406
00088862
00099804
00140481
00224810
00241904
00351198
00358595
00398154
00718405
00723512
00724294
00727290
00727328
00760291
00006475
00070500
00088852
00089413
00095620
00099801
00102402
00457888
00584418
00621130
00670343
00717342
00821537
00851413
00913586
00923181
00062846
00071395
00112043
00294843
00330257
00332047
00464518
00605155
00718436
00905823
00918455
00014180
00027993
00030059
00031431
00035452
00036890
00038415
00039028
00039210
00039321
00039460
00039480
00039481
00039484
00039485
00040029
00045709
00047336
00049636
00050634
00057532
00060635
00062342
00064810
00065862
00067406
00070541
00071369
00076295
00079813
00081215
00081442
00081471
00081483
00082159
00082979
00087061
00087125
00087617
00088851
00088855
00088857
00088859
00089293
00089338
00089339
00089390
00089417
00089525
00097890
00098810
00099789
00100199
00100336
00100559
00100972
00104416
00115585
00116829
00121185
00140183
00143204
00153594
00164668
00179267
00182641
00190856
00199739
00200512
00201217
00208806
00213678
00224769
00224788
00224834
00232565
00234415
00235341
00241946
00241948
00245257
00248054
00258824
00259303
00267826
00279693
00290993
00291102
00291345
00294685
00294803
00300452
00302403
00304724
00306770
00313085
00316912
00328099
00328198
00332970
00333496
00350086
00369816
00371478
00375898
00381378
00383900
00406772
00420573
00420574
00429298
00431844
00439326
00444014
00444286
00451038
00457860
00462227
00470882
00473245
00492073
00492590
00494000
00496194
00496251
00501772
00504801
00506180
00507073
00509984
00510004
00512300
00512699
00515612
00528862
00545023
00558808
00561942
00566391
00574154
00580293
00585268
00596154
00610916
00612971
00612972
00612977
00615113
00617429
00619501
00621132
00621147
00621758
00625604
00628584
00636014
00636609
00640943
00647021
00651955
00655148
00659340
00662462
00662701
00663067
00665525
00679224
00690366
00705697
00717218
00718411
00724397
00727292
00727295
00727303
00733176
00734144
00741217
00761125
00762514
00768578
00771454
00779047
00794451
00794685
00816812
00818359
00818360
00855758
00873011
00877073
00885748
00925143
00968871
00981054
00987918
00988706
00230438
00299430
00471104
00492728
00493761
00493996
00734201
00081264
00082154
00089375
00089415
00093944
00099813
00332094
00387832
00388371
00475929
00583508
00622082
00656651
00811478
00036273
00038702
00053206
00076804
00081481
00081486
00088388
00119696
00241896
00291911
00294847
00328520
00334749
00433205
00474255
00493068
00536362
00695757
00724585
00727950
00775236
00847152
00091430
00331980
00359560
00660985
00106874
00294652
00332024
00636010
00725564
00734263
00073861
00294686
00328213
00294844
00473403
00118913
00182208
00328522
00441497
00551799
00036289
00493828
00114757
00359507
00513974
00333080
00387092
00294785
00492617
00310617
00497304
00114127
00334981
00492594
00567573
00076859
00294842
00297870
00330610
00359334
00476190
00488395
00723593
00294273
00328684
00332022
00368833
00089287
00100942
00497170
00503511
00663611
00373801
00721519
00037071
00374884
00407928
00333085
00493930
00039482
00102514
00230442
00039486
00294658
00118907
00278509
00332093
00690481
00717201
00230488
00490099
00492990
00076803
00699338
00476303
00897096
00486158
00464057
00489223
00734217
00039479
00328208
00338988
00492755
00493010
00328561
00332095
00720468
00724529
00740513
00740797
00740838
00759616
00802610
00328519
00762507
00072442
00332026
00458754
00119533
00299253
00658364
00698087
00968861
00332764
00039489
00134822
00734264
00334994
00294845
00332054
00520595
00941498
00332023
00977332
00718394
00089410
00698083
00299479
00496128
00723648
00330243
00523070
00335457
00328188
00627334
00071339
00493844
00380666
00457969
00728935
00723510
00780055
00473502
00654382
00334912
00076872
00367387
00231805
00230487
00328677
00647896
00088854
00334933
00561811
00470516
00492995
00241522
00076822
00308090
00308089
00077880
00472586
00724560
00336875
00294682
00492964
00094988
00466901
00492714
00493873
00479543
00088870
00670455