00695757
00496100
00622082
00497040
00580293
00717213
00963391
00665525
00724720
00585268
00720919
00493004
00499429
00764679
00492728
00494016
00493826
00968898
00496409
00721007
00943685
00492716
00660759
00717477
00494001
00734217
00512699
00536166
00636033
00636014
00649075
00677833
00759616
00794451
00487061
00741867
00492695
00724555
00743109
00982677
00698280
00851413
00837222
00607307
00487288
00798849
00811478
00920948
00492714
00497237
00698183
00553521
00698203
00514063
00651213
00718411
00504801
00517067
00487279
00663779
00483114
00698117
00718429
00705627
00733176
00479543
00509984
00939021
00660908
00493068
00705654
00762514
00490318
00667072
00513974
00687699
00723511
00607314
00528862
00975339
00764955
00674784
00486340
00987918
00487277
00496251
00735422
00492617
00489521
00821419
00897096
00868647
00493832
00705712
00507821
00581295
00614166
00661763
00566391
00718440
00493877
00675949
00660985
00734261
00818359
00493852
00621094
00735554
00490099
00561811
00489385
00513983
00745422
00612971
00496343
00734144
00727292
00724416
00493800
00556092
00968873
00724724
00478328
00487047
00490120
00684364
00705697
00587443
00775236
00492586
00723593
00739323
00512842
00641981
00486158
00476303
00734186
00719979
00656649
00492589
00493010
00486166
00636020
00802610
00511772
00647021
00510004
00718426
00649747
00740428
00497687
00497224
00727334
00492755
00740838
00741740
00487056
00677549
00493797
00656660
00621088
00610524
00492592
00636010
00735490
00628584
00734205
00589972
00567573
00898196
00493600
00487281
00621086
00490118
00627785
00724631
00627227
00561942
00734210
00703145
00816812
00497304
00734455
00760291
00493828
00492717
00666921
00718129
00656642
00520595
00494040
00574154
00497236
00762508
00717110
00577486
00595017
00724593
00654106
00487052
00512910
00717208
00621132
00584418
00656630
00939029
00492729
00727328
00737965
00821010
00753133
00717216
00493865
00698136
00492964
00592106
00718405
00493876
00718399
00493839
00718430
00514677
00721523
00718397
00704896
00509972
00699223
00666924
00718409
00496160
00575948
00569503
00497108
00723596
00882922
00504627
00734176
00724637
00493765
00489513
00567569
00947395
00761125
00728088
00762280
00545023
00493762
00625327
00968871
00586887
00605155
00663067
00734305
00717078
00571974
00699338
00596154
00476192
00721564
00486326
00718187
00496093
00698308
00625604
00476191
00988706
00663570
00705777
00698116
00492971
00705716
00487275
00768578
00514655
00500488
00487058
00503511
00662462
00487278
00738158
00487044
00687654
00655148
00718436
00723665
00734263
00494014
00939022
00490095
00786370
00724383
00493995
00492682
00515789
00489995
00727577
00759519
00727290
00626141
00612970
00703174
00720826
00657250
00724410
00487045
00493829
00492621
00537189
00698083
00789300
00885748
00494000
00734981
00717204
00727303
00551799
00771454
00711772
00493005
00498179
00939028
00724380
00496259
00487055
00489343
00734218
00734201
00492751
00493873
00567568
00493834
00740797
00847152
00490122
00689896
00476190
00621135
00558808
00496327
00723414
00724309
00734258
00727320
00724397
00727337
00702893
00723506
00497170
00487060
00569016
00727295
00492999
00718415
00487301
00698202
00480241
00718413
00698143
00492696
00724386
00933347
00734213
00621758
00698141
00723512
00717332
00514662
00872181
00492353
00582794
00798765
00818360
00592895
00983111
00684391
00721604
00855758
00493761
00662701
00503014
00627334
00697339
00925143
00654082
00742276
00496194
00526926
00849468
00517720
00494015
00703159
00966017
00725564
00727293
00492994
00703153
00734457
00477897
00567537
00721519
00723505
00905823
00612977
00490107
00514578
00794685
00717443
00492990
00567538
00937409
00618083
00493002
00723649
00923181
00797364
00766982
00515612
00612972
00588776
00487276
00981054
00995652
00541629
00646197
00535328
00690366
00492960
00496128
00647896
00727294
00586667
00877073
00690481
00486165
00717202
00723504
00492073
00487066
00617429
00487177
00687658
00871321
00881657
00492590
00794995
00615113
00497239
00496255
00724556
00641440
00476193
00730987
00493996
00998544
00635753
00487140
00718398
00724585
00663811
00727262
00724417
00727950
00662958
00718279
00492982
00762507
00488395
00691969
00537191
00647859
00738512
00873011
00698229
00656651
00740513
00679224
00610916
00506180
00848864
00628979
00496095
00884888
00507073
00492742
00476194
00651955
00536362
00659061
00489273
00727528
00802638
00486177
00723418
00514307
00653079
00492594
00492795
00487049
00614891
00520001
00489333
00512300
00646222
00724640
00705711
00490841
00619501
00492890
00735758
00766007
00721550
00621147
00637676
00493844
00727324
00487057
00493930
00621095
00489989
00934263
00501772
00512692
00653603
00567575
00621127
00724387
00593488
00493833
00487051
00621083
00659340
00724294
00493909
00510738
00640943
00492601
00717201
00923595
00637675
00724529
00698087
00489337
00636609
00489504
00621180
00837520
00604896
00602426
00476195
00654323
00476307
00477899
00620969
00932098
00677960
00492961
00583508
00498356
00508008
00723513
00494092
00654083
00782541
00613201
