00831534
00876146
00878513
00185293
00735120
00982564
00585266
00927562
00053549
00790868
00967667
00947817
00236105
00675129
00157965
00250398
00744705
00209259 
00842133
00121708
00910821 
00754706
00368979
00607117  
00202184  
00755255
00429586
00212886  
00439261  
00332710    
00841655 
00817887    
00207310 
00341817  
00053056      
00682149  
00653668   
00003256  
00830753          
00819835  
00421026
00162850   
00244012         
00025686
00178429  
00237363 
00610036      
00900078
00313554 
00708619  
00219528 
00122356
00789890
00896832 
00746820  
00466654
00987207 
00375715    
00274782
00194270    
00664496          
00111971  
00906843  
00094715 
00991908          
00802054  
00256381
00387671   
00805986  
00494058
00092332
00756888   
00951558
00142906  
00051272  
00029159 
00550962         
00050301 
00705113     
00684786 
00264678
00198663   
00716428
00559890
00818338 
00965755
00227444 
00571317
00478438  
00143593 
00203349   
00757779 
00764381             
00160417  
00121938        
00145158    
00980298
00865807 
00838334 
00600448     
00256146  
00949782 
00096029
00471541 
00232220  
00506043  
00589308   
00194910             
00352518
00697602  
00234818
00216238 
00669819         
00946320
00032701
00554762  
00764610
00712727     
00138508   
00358909  
00092572
00034718    
00415087 
00965708
00836269     
00674801 
00221373         
00466506   
00022269 
00354550  
00372286     
00189276      
00166724     
00941083
00912553
00876707      
00360670
00582416  
00886956 
00991625  
00682148   
00271769
00708611 
00006001
00110161    
00868622  
00657685 
00230899  
00982655
00247207  
00905287
00730803
00982660  
00606737 
00475552
00474249 
00432159  
00651475
00456583
00462214
00462224 
00906822
00703470 
00620353
00923388 
00738762
00801305    
00819315     
00977737  
00122012 
00819779
00250553   
00651689
00488902  
00276416
00551377
00966035 
00246864
00318680  
00002184
00308884    
00860441
00259648   
00901153
00752705
00274453
00279013     
00606012    
00384689     
00764380 