00000007
00000061
00000070
00000073
00000102
00000119
00000123
00000126
00000131
00000132
00000133
00000134
00000144
00000168
00000172
00000190
00000251
00000257
00000272
00000329
00000330
00000346
00000348
00000356
00000363
00000386
00000392
00000413
00000418
00000443
00000447
00000470
00000508
00000525
00000544
00000559
00000615
00000632
00000633
00000638
00000659
00000660
00000679
00000693
00000695
00000696
00000711
00000712
00000714
00000718
00000796
00000802
00000834
00000842
00000843
00000846
00000849
00000850
00000860
00000903
00000908
00000927
00000931
00000949
00000954
00000960
00001000
00001005
00001009
00001010
00001013
00001014
00001020
00001021
00001034
00001046
00001047
00001049
00001109
00001130
00001164
00001169
00001170
00001171
00001172
00001175
00001210
00001211
00001213
00001220
00001237
00001256
00001306
00001307
00001324
00001330
00001339
00001341
00001348
00001382
00001390
00001398
00001399
00001400
00001402
00001403
00001405
00001406
00001408
00001410
00001427
00001449
00001490
00001497
00001502
00001503
00001519
00001533
00001535
00001537
00001538
00001539
00001541
00001579
00001590
00001614
00001615
00001616
00001623
00001624
00001625
00001633
00001696
00001705
00001708
00001718
00001749
00001776
00001817
00001855
00001863
00001865
00001866
00001867
00001877
00001883
00001885
00001897
00001905
00001906
00001965
00001970
00001971
00001972
00001976
00001977
00001978
00001989
00001995
00002014
00002015
00002058
00002065
00002077
00002083
00002090
00002091
00002096
00002104
00002112
00002193
00002211
00002212
00002226
00002240
00002241
00002278
00002290
00002296
00002297
00002298
00002316
00002338
00002347
00002406
00002407
00002421
00002426
00002505
00002506
00002507
00002512
00002521
00002522
00002530
00002533
00002570
00002577
00002594
00002601
00002602
00002606
00002629
00002633
00002680
00002681
00002682
00002698
00002707
00002711
00002719
00002724
00002744
00002745
00002785
00002806
00002840
00002852
00002855
00002886
00002900
00002914
00002919
00002957
00002958
00002963
00002964
00002975
00002988
00003009
00003016
00003117
00003128
00003135
00003143
00003144
00003149
00003173
00003178
00003187
00003203
00003210
00003211
00003219
00003280
00003288
00003337
00003377
00003382
00003405
00003407
00003408
00003419
00003428
00003443
00003444
00003514
00003517
00003519
00003544
00003558
00003587
00003593
00003649
00003666
00003676
00003681
00003689
00003709
00003710
00003763
00003766
00003775
00003801
00003802
00003803
00003805
00003810
00003811
00003813
00003823
00003847
00003857
00003858
00003867
00003869
00003884
00003891
00003952
00003954
00003961
00003988
00004033
00004035
00004040
00004043
00004053
00004055
00004062
00004064
00004078
00004089
00004094
00004114
00004115
00004117
00004118
00004125
00004126
00004132
00004252
00004255
00004261
00004267
00004274
00004276
00004280
00004282
00004283
00004296
00004297
00004298
00004303
00004308
00004320
00004321
00004323
00004333
00004334
00004339
00004342
00004348
00004383
00004406
00004409
00004423
00004433
00004435
00004465
00004495
00004529
00004533
00004598
00004607
00004610
00004629
00004640
00004643
00004677
00004680
00004688
00004694
00004698
00004700
00004747
00004753
00004817
00004917
00004929
00004934
00004935
00004938
00004956
00004965
00004981
00004983
00005002
00005017
00005041
00005042
00005044
00005049
00005057
00005062
00005084
00005085
00005087
00005107
00005108
00005110
00005116
00005125
00005140
00005143
00005148
00005161
00005191
00005192
00005193
00005194
00005244
00005277
00005312
00005314
00005316
00005317
00005318
00005319
00005321
00005322
00005324
00005334
00005338
00005341
00005343
00005346
00005355
00005358
00005397
00005399
00005408
00005413
00005414
00005415
00005419
00005420
00005421
00005422
00005442
00005463
00005465
00005466
00005496
00005497
00005498
00005502
00005560
00005562
00005564
00005568
00005569
00005597
00005609
00005629
00005633
00005651
00005654
00005655
00005656
00005658
00005659
00005660
00005670
00005686
00005689
00005690
00005699
00005705
00005706
00005707
00005721
00005723
00005724
00005725
00005727
00005733
00005734
00005740
00005762
00005780
00005782
00005783
00005787
00005791
00005793
00005826
00005837
00005852
00005892
00005893
00005894
00005899
00005904
00005907
00005915
00005916
00005918
00005921
00005933
00005951
00005952
00005956
00005959
00005961
00005962
00005963
00005964
00006003
00006007
00006008
00006010
00006013
00006014
00006070
00006109
00006135
00006136
00006137
00006190
00006211
00006212
00006216
00006224
00006229
00006291
00006302
00006323
00006383
00006393
00006411
00006416
00006439
00006444
00006447
00006451
00006455
00006460
00006461
00006462
00006463
00006466
00006467
00006470
00006471
00006475
00006495
00006519
00006522
00006527
00006546
00006547
00006577
00006578
00006625
00006629
00006640
00006642
00006645
00006647
00006669
00006674
00006676
00006677
00006682
00006699
00006714
00006715
00006720
00006721
00006723
00006798
00006799
00006801
00006802
00006812
00006814
00006817
00006845
00006846
00006856
00006859
00006861
00006862
00006863
00006865
00006866
00006867
00006875
00006884
00006885
00006887
00006889
00006892
00006913
00006915
00006919
00006923
00006927
00006931
00006933
00006950
00006958
00007024
00007026
00007050
00007051
00007054
00007092
00007093
00007114
00007126
00007128
00007136
00007140
00007184
00007185
00007188
00007189
00007190
00007191
00007192
00007193
00007202
00007251
00007253
00007254
00007255
00007256
00007257
00007258
00007259
00007280
00007282
00007314
00007361
00007362
00007441
00007454
00007463
00007465
00007466
00007490
00007498
00007523
00007528
00007532
00007536
00007540
00007547
00007553
00007555
00007556
00007558
00007612
00007642
00007652
00007656
00007676
00007687
00007728
00007731
00007745
00007797
00007808
00007809
00007810
00007813
00007815
00007816
00007817
00007820
00007825
00007838
00007848
00007867
00007882
00007883
00007884
00007893
00007943
00007944
00007987
00007993
00008056
00008057
00008065
00008117
00008120
00008127
00008132
00008136
00008138
00008161
00008167
00008168
00008210
00008231
00008277
00008290
00008298
00008299
00008301
00008303
00008320
00008327
00008328
00008329
00008377
00008378
00008379
00008391
00008394
00008395
00008396
00008397
00008398
00008399
00008400
00008418
00008420
00008427
00008433
00008441
00008444
00008450
00008452
00008453
00008454
00008465
00008471
00008510
00008521
00008522
00008523
00008538
00008550
00008554
00008572
00008609
00008613
00008625
00008629
00008645
00008656
00008736
00008750
00008757
00008782
00008784
00008830
00008838
00008895
00008897
00008898
00008901
00008902
00008905
00008906
00008908
00008909
00008926
00008929
00008933
00008936
00008937
00008950
00008964
00008994
00009000
00009014
00009017
00009029
00009035
00009038
00009044
00009045
00009049
00009068
00009103
00009105
00009127
00009164
00009177
00009180
00009183
00009186
00009217
00009233
00009249
00009250
00009251
00009252
00009253
00009255
00009256
00009307
00009308
00009318
00009319
00009321
00009339
00009367
00009368
00009370
00009373
00009376
00009378
00009388
00009435
00009473
00009474
00009477
00009478
00009485
00009526
00009527
00009529
00009535
00009549
00009550
00009553
00009554
00009555
00009558
00009560
00009612
00009682
00009687
00009688
00009695
00009701
00009717
00009722
00009755
00009767
00009770
00009774
00009801
00009803
00009805
00009806
00009815
00009816
00009818
00009823
00009824
00009825
00009826
00009827
00009828
00009829
00009832
00009843
00009849
00009863
00009865
00009875
00009877
00009886
00009892
00009905
00009933
00009934
00009936
00009947
00009953
00009958
00009966
00009993
00009998
