00002506
00004321
00007024
00007745
00007816
00007817
00010195
00011624
00022784
00026006
00029172
00032108
00033650
00035626
00036494
00046626
00047782
00051897
00051898
00051899
00055103
00061671
00069041
00069089
00079607
00081605
00082481
00083657
00088876
00088877
00088878
00088879
00089095
00096523
00105568
00111544
00113967
00118994
00119449
00121768
00126757
00127337
00132953
00133918
00140273
00146662
00158380
00160587
00161366
00161367
00161368
00161369
00161370
00161927
00165442
00173624
00176028
00176613
00177758
00190286
00190794
00199501
00199932
00200209
00201629
00201630
00201666
00203042
00223044
00228061
00228063
00238216
00240914
00242673
00250423
00260319
00265552
00272005
00276068
00279044
00280996
00288921
00289744
00289762
00292313
00298307
00300444
00306659
00310578
00316096
00317302
00321409
00351650
00355435
00355715
00356687
00360993
00373084
00382120
00382239
00397984
00418422
00418703
00425404
00430386
00434182
00438350
00439516
00440481
00449140
00453307
00456339
00458512
00459298
00472843
00479244
00482328
00493232
00499756
00504993
00511552
00514293
00514520
00519383
00529484
00540431
00544709
00552095
00557680
00558331
00559308
00559309
00561142
00562004
00562102
00568959
00575619
00600397
00601168
00601655
00602978
00603364
00606856
00607176
00607183
00607565
00617254
00617682
00624944
00630720
00635250
00643561
00648813
00649166
00658758
00672993
00673157
00674352
00681925
00687576
00705251
00717203
00717894
00717895
00727250
00732272
00743790
00749524
00749712
00752245
00753424
00765125
00771160
00780397
00790104
00796994
00804953
00808237
00808238
00812320
00816896
00821620
00825790
00851101
00857301
00861205
00862474
00868698
00868699
00870387
00873268
00882947
00892298
00892300
00899643
00900018
00915995
00925457
00927219
00928762
00932973
00936049
00945202
00949560
00949774
00954613
00964466
00983924
00987692
00988318
00989507
00991432
00991610
00992689
00997304
00999507
