00000022
00000063
00000119
00000134
00000190
00000298
00000354
00000366
00000511
00000544
00000582
00000605
00000678
00000679
00000694
00000695
00000696
00000752
00000846
00000850
00000851
00000915
00000927
00001034
00001130
00001169
00001171
00001172
00001182
00001220
00001256
00001324
00001494
00001495
00001624
00001664
00001696
00001698
00001722
00001801
00001883
00001905
00001976
00001989
00002058
00002066
00002083
00002111
00002193
00002296
00002393
00002616
00002637
00002645
00002646
00002649
00002650
00002652
00002653
00002657
00002659
00002660
00002702
00002704
00002712
00002743
00002744
00002785
00002806
00003151
00003156
00003187
00003193
00003247
00003405
00003408
00003517
00003544
00003550
00003649
00003681
00003682
00003683
00003685
00003952
00004132
00004144
00004407
00004553
00004598
00004607
00004918
00005108
00005148
00005192
00005244
00005413
00005415
00005420
00005422
00005494
00005600
00005633
00005648
00005649
00005650
00005651
00005652
00005653
00005654
00005656
00005657
00005658
00005659
00005686
00005723
00005782
00005791
00005837
00005906
00005950
00005951
00005952
00005953
00005955
00005956
00005957
00005958
00005959
00005961
00005962
00005963
00005964
00006010
00006012
00006013
00006014
00006070
00006221
00006222
00006229
00006306
00006308
00006411
00006414
00006415
00006416
00006425
00006640
00006715
00006716
00006718
00006719
00006720
00006721
00006723
00006807
00006856
00006862
00006863
00006866
00007193
00007255
00007257
00007258
00007303
00007331
00007361
00007362
00007468
00007469
00007470
00007471
00007472
00007519
00007523
00007547
00007553
00007696
00008158
00008159
00008282
00008315
00008319
00008400
00008450
00008451
00008452
00008597
00008645
00008725
00008754
00008755
00008756
00008757
00008835
00008933
00008961
00009124
00009217
00009250
00009253
00009256
00009317
00009364
00009377
00009382
00009477
00009478
00009527
00009686
00009687
00009688
00009697
00009699
00009707
00009774
00009803
00009834
00009863
00009927
00009929
00009930
00009936
00009946
00009953
00009989
