00008283
00009822
00006482
00007518
00004290
00004643
00004142
00001796
00001382
00000680
00005113
00006294
00003549
00008036
00008524
00009474
00005416
00000932
00000185
00008000
00004037
00002904
00007913
00006450
00001196
00007219
00000908
00004685
00009239
00002220
00000670
00005858
00004176
00003268
00003280
00001817
00005857
00000325
00005467
00001307
00007202
00008564
00002241
00000648
00001776
00003415
00006787
00008750
00009922
00007216
00006195
00007441
00008414
00005232
00006136
00006078
00006693
00007365
00002221
00003823
00001750
00006120
00006799
00002208
00005698
00001044
00006223
00001536
00005421
00002571
00005419
00004757
00008580
00009013
00009547
00003993
00004552
00003401
00002266
00001029
00002071
00005856
00007734
00003595
00006714
00002223
00006193
00008302
00008228
00003418
00005948
00006814
00002718
00008285
00007104
00008420
00005898
00004056
00008299
00004917
00005479
00002094
00006804
00008831
00005967
00000872
00004139
00006125
00002065
00007999
00007213
00005903
00001988
00005966
00007652
00006225
00001048
00006075
00005477
00001312
00005063
00003992
00005960
00006650
00009831
00006412
00004688
00006339
00001385
00000739
00006481
00007251
00006207
00002577
00000969
00006810
00009717
00005643
00002398
00009920
00007708
00001173
00001058
00003991
00003311
00006422
00000952
00004657
00006419
00007851
00000393
00000667
00003518
00006284
00005899
00004296
00008876
00009284
00005454
00009821
00000295
00004170
00005149
00005417
00009701
00006793
00007256
00002907
00001047
00009029
00002886
00000080
00006133
00006795
00009703
00007909
00003480
00004629
00000335
00002222
00007536
00007304
00009339
00000719
00000525
00009249
00001777
00002397
00005217
00003271
00002297
00006992
00007554
00004537
00009035
00004177
00005970
00007454
00003173
00004519
00002615
00006128
00008836
00002908
00007215
00006803
00006812
00006809
00009960
00004602
00006196
00001304
00007521
00000356
00005905
00001302
00005150
00000897
00005965
00000929
00008120
00008298
00005471
00002719
00005448
00007730
00006614
00009824
00007186
00009368
00002110
00003765
00007465
00009155
00001863
00005666
00004293
00006413
00008225
00001592
00009036
00004055
00001204
00009084
00009767
00009958
00006904
00009367
00006995
00002855
00001792
00009014
00000075
00002575
00002012
00004551
00001388
00005954
00002909
00000668
00004388
00004567
00004383
00006801
00009526
00006217
00009769
00000233
00006417
00002745
00009482
00009925
00006791
00001958
00000960
00000107
00005825
00008943
00008954
00006790
00001859
00009318
00003795
00001109
00000711
00005894
00000672
00008465
00005294
00001329
00008303
00008752
00001807
00009169
00003963
00004702
00006007
00000017
00005699
00000074
00009926
00001057
00005793
00008906
00009918
00008605
00000431
00001306
00000429
00006797
00005556
00000409
00007221
00002021
00006611
00004817
00006794
00002248
00004717
00000864
00000412
00009005
00002067
00000430
00005480
00006961
00004188
00005901
00000797
00004171
00001390
00003680
00009366
00009037
00005826
00009017
00006703
00008273
00008320
00000931
00007218
00009088
00003866
00004571
00005194
00000343
00006805
00006798
00007314
00005655
00001328
00002576
00002940
00000512
00006307
00003272
00006150
00000849
00002574
00008301
00009722
00009702
00007525
00004035
00004040
00009021
00009308
00008046
00009823
00007250
00006345
00009719
00006124
00001179
00001561
00004268
00004981
00008466
00007655
00001877
00006841
00009771
00000671
00006063
00006126
00006224
00004078
00001661
00001800
00007220
00003803
00005189
00006197
00005224
00004662
00007588
00001311
00002690
00000637
00000653
00006796
00008830
00006421
00009053
00007049
00001502
00001970
00002724
00005470
00009921
00007128
00001623
00008002
00009554
00009170
00002298
00003688
00006813
00009168
00000076
00005694
00004279
00006302
00001614
00005289
00000858
00006447
00003994
00006420
00007893
00007685
00009818
00000638
00001930
00005418
00005144
00008117
00005051
00005892
00007735
00007520
00001309
00000841
00001726
00002212
00007211
00008767
00006300
00007564
00001977
00007618
00005334
00001300
00005902
00005468
00006546
00004555
00000837
00008563
00002601
00009843
00008281
00005721
00006301
00007254
00006991
00005414
00006905
00003964
00001564
00000334
00003718
00004054
00006800
00006802
00008994
00000584
00007824
00008996
00008887
00005893
00005788
00004086
00002890
00006132
00004264
00006792
00006290
00009637
00009365
00002588
00005408
00009038
00004050
00000301
00007522
00008731
00001513
00009820
00003194
00004738
00005660
00007731
00008037
00002520
00009770
00004298
00000669
00002112
00006727
00000909
00005900
00006547
00006808
00009877
00001170
00000906
00005904
00008506
00004550
00006079
00008439
00006116
00006194
00007222
00006190
00004081
00004297
00006409
00006811
00008300
