00000017
00000022
00000063
00000074
00000075
00000076
00000080
00000107
00000119
00000134
00000185
00000190
00000233
00000295
00000298
00000301
00000325
00000334
00000335
00000343
00000354
00000356
00000366
00000393
00000409
00000412
00000429
00000430
00000431
00000511
00000512
00000525
00000544
00000582
00000584
00000605
00000637
00000638
00000648
00000653
00000667
00000668
00000669
00000670
00000671
00000672
00000678
00000679
00000680
00000694
00000695
00000696
00000711
00000719
00000739
00000752
00000797
00000837
00000841
00000846
00000849
00000850
00000851
00000858
00000864
00000872
00000897
00000906
00000908
00000909
00000915
00000927
00000929
00000931
00000932
00000952
00000960
00000969
00001029
00001034
00001044
00001047
00001048
00001057
00001058
00001109
00001130
00001169
00001170
00001171
00001172
00001173
00001179
00001182
00001196
00001204
00001220
00001256
00001300
00001302
00001304
00001306
00001307
00001309
00001311
00001312
00001324
00001328
00001329
00001382
00001385
00001388
00001390
00001494
00001495
00001502
00001513
00001536
00001561
00001564
00001592
00001614
00001623
00001624
00001661
00001664
00001696
00001698
00001722
00001726
00001750
00001776
00001777
00001792
00001796
00001800
00001801
00001807
00001817
00001859
00001863
00001877
00001883
00001905
00001930
00001958
00001970
00001976
00001977
00001988
00001989
00002012
00002021
00002058
00002065
00002066
00002067
00002071
00002083
00002094
00002110
00002111
00002112
00002193
00002208
00002212
00002220
00002221
00002222
00002223
00002241
00002248
00002266
00002296
00002297
00002298
00002393
00002397
00002398
00002520
00002571
00002574
00002575
00002576
00002577
00002588
00002601
00002615
00002616
00002637
00002645
00002646
00002649
00002650
00002652
00002653
00002657
00002659
00002660
00002690
00002702
00002704
00002712
00002718
00002719
00002724
00002743
00002744
00002745
00002785
00002806
00002855
00002886
00002890
00002904
00002907
00002908
00002909
00002940
00003151
00003156
00003173
00003187
00003193
00003194
00003247
00003268
00003271
00003272
00003280
00003311
00003401
00003405
00003408
00003415
00003418
00003480
00003517
00003518
00003544
00003549
00003550
00003595
00003649
00003680
00003681
00003682
00003683
00003685
00003688
00003718
00003765
00003795
00003803
00003823
00003866
00003952
00003963
00003964
00003991
00003992
00003993
00003994
00004035
00004037
00004040
00004050
00004054
00004055
00004056
00004078
00004081
00004086
00004132
00004139
00004142
00004144
00004170
00004171
00004176
00004177
00004188
00004264
00004268
00004279
00004290
00004293
00004296
00004297
00004298
00004383
00004388
00004407
00004519
00004537
00004550
00004551
00004552
00004553
00004555
00004567
00004571
00004598
00004602
00004607
00004629
00004643
00004657
00004662
00004685
00004688
00004702
00004717
00004738
00004757
00004817
00004917
00004918
00004981
00005051
00005063
00005108
00005113
00005144
00005148
00005149
00005150
00005189
00005192
00005194
00005217
00005224
00005232
00005244
00005289
00005294
00005334
00005408
00005413
00005414
00005415
00005416
00005417
00005418
00005419
00005420
00005421
00005422
00005448
00005454
00005467
00005468
00005470
00005471
00005477
00005479
00005480
00005494
00005556
00005600
00005633
00005643
00005648
00005649
00005650
00005651
00005652
00005653
00005654
00005655
00005656
00005657
00005658
00005659
00005660
00005666
00005686
00005694
00005698
00005699
00005721
00005723
00005782
00005788
00005791
00005793
00005825
00005826
00005837
00005856
00005857
00005858
00005892
00005893
00005894
00005898
00005899
00005900
00005901
00005902
00005903
00005904
00005905
00005906
00005948
00005950
00005951
00005952
00005953
00005954
00005955
00005956
00005957
00005958
00005959
00005960
00005961
00005962
00005963
00005964
00005965
00005966
00005967
00005970
00006007
00006010
00006012
00006013
00006014
00006063
00006070
00006075
00006078
00006079
00006116
00006120
00006124
00006125
00006126
00006128
00006132
00006133
00006136
00006150
00006190
00006193
00006194
00006195
00006196
00006197
00006207
00006217
00006221
00006222
00006223
00006224
00006225
00006229
00006284
00006290
00006294
00006300
00006301
00006302
00006306
00006307
00006308
00006339
00006345
00006409
00006411
00006412
00006413
00006414
00006415
00006416
00006417
00006419
00006420
00006421
00006422
00006425
00006447
00006450
00006481
00006482
00006546
00006547
00006611
00006614
00006640
00006650
00006693
00006703
00006714
00006715
00006716
00006718
00006719
00006720
00006721
00006723
00006727
00006787
00006790
00006791
00006792
00006793
00006794
00006795
00006796
00006797
00006798
00006799
00006800
00006801
00006802
00006803
00006804
00006805
00006807
00006808
00006809
00006810
00006811
00006812
00006813
00006814
00006841
00006856
00006862
00006863
00006866
00006904
00006905
00006961
00006991
00006992
00006995
00007049
00007104
00007128
00007186
00007193
00007202
00007211
00007213
00007215
00007216
00007218
00007219
00007220
00007221
00007222
00007250
00007251
00007254
00007255
00007256
00007257
00007258
00007303
00007304
00007314
00007331
00007361
00007362
00007365
00007441
00007454
00007465
00007468
00007469
00007470
00007471
00007472
00007518
00007519
00007520
00007521
00007522
00007523
00007525
00007536
00007547
00007553
00007554
00007564
00007588
00007618
00007652
00007655
00007685
00007696
00007708
00007730
00007731
00007734
00007735
00007824
00007851
00007893
00007909
00007913
00007999
00008000
00008002
00008036
00008037
00008046
00008117
00008120
00008158
00008159
00008225
00008228
00008273
00008281
00008282
00008283
00008285
00008298
00008299
00008300
00008301
00008302
00008303
00008315
00008319
00008320
00008400
00008414
00008420
00008439
00008450
00008451
00008452
00008465
00008466
00008506
00008524
00008563
00008564
00008580
00008597
00008605
00008645
00008725
00008731
00008750
00008752
00008754
00008755
00008756
00008757
00008767
00008830
00008831
00008835
00008836
00008876
00008887
00008906
00008933
00008943
00008954
00008961
00008994
00008996
00009005
00009013
00009014
00009017
00009021
00009029
00009035
00009036
00009037
00009038
00009053
00009084
00009088
00009124
00009155
00009168
00009169
00009170
00009217
00009239
00009249
00009250
00009253
00009256
00009284
00009308
00009317
00009318
00009339
00009364
00009365
00009366
00009367
00009368
00009377
00009382
00009474
00009477
00009478
00009482
00009526
00009527
00009547
00009554
00009637
00009686
00009687
00009688
00009697
00009699
00009701
00009702
00009703
00009707
00009717
00009719
00009722
00009767
00009769
00009770
00009771
00009774
00009803
00009818
00009820
00009821
00009822
00009823
00009824
00009831
00009834
00009843
00009863
00009877
00009918
00009920
00009921
00009922
00009925
00009926
00009927
00009929
00009930
00009936
00009946
00009953
00009958
00009960
00009989
