027047
035628
021182
053113
012097
029599
006399
025777
011160
001289
018574
005587
041710
040945
031321
014608
040093
022160
037294
034018
043046
044223
041513
021349
011707
017691
013872
043990
005175
008028
011081
026271
047658
020258
051582
055116
033410
021859
042077
043934
021777
049438
051473
039070
008582
033204
033146
002201
042880
002292
024172
038221
046211
018787
018124
026822
048012
040106
047798
007621
015554
048000
016583
019100
019461
053439
037238
037631
005423
030925
026797
038928
038862
016805
031913
020347
027594
010660
024646
007819
045667
026671
031838
007225
045810
005150
025665
007610
014149
012954
045194
022922
022455
009281
003909
022979
031613
037096
034727
046126
037823
035841
043700
011006
006093
010847
006629
024777
018523
006613
025675
010114
044153
036898
024069
031720
008674
002174
026566
024964
042625
021236
039290
042202
039969
045698
047696
036840
031346
038238
024144
044154
019326
030104
047683
053490
034329
045786
031030
040842
009551
001684
053036
029315
022368
012112
049609
035764
039574
015906
049904
007400
046260
032077
027313
004143
040678
041784
018903
034299
008697
039688
036787
027622
041219
037167
011039
044408
002361
031453
001625
023571
032346
008766
034794
014854
036846
053172
021439
029802
040108
054840
024896
019263
042226
036609
038059
033521
007085
015716
021051
053269
026826
022870
036523
047052
038765
037928
044214
042504
001315
037347
053371
040861
037203
004198
033405
027181
039657
018399
026548
047293
026007
009475
028226
049066
042295
035763
027031
051457
005187
002564
055067
036484
018294
045990
039078
012001
038886
021391
020231
015639
029908
013142
005633
001622
022381
043569
036038
046107
037377
021360
028674
003863
038102
042565
016228
051528
034164
030424
029277
013476
047903
053208
007388
014878
013145
025752
025608
041610
035803
047764
007360
046337
001578
036197
000897
043799
027935
033407
020156
039755
035690
051195
034885
019508
011396
037624
016224
019554
028601
036845
028286
042635
010485
011234
037563
019916
011367
053313
032286
039512
030512
049545
036352
014678
036876
040036
041733
039782
022825
016882
018804
048007
041909
008030
000567
012978
040821
041735
009306
035893
054794
019856
030157
003774
033625
033640
039854
036476
003134
054803
012142
038043
045819
006814
002339
051256
027904
022266
000870
005775
039043
035736
023493
026435
035666
005198
035037
030085
029388
017608
031428
009800
037710
013875
032849
049529
042490
028663
024266
036921
017580
034245
025225
013824
013090
032265
018912
004936
017797
009008
034638
047672
012158
037859
001744
001379
027485
001690
034437
003865
009292
047775
011742
007563
025924
020275
004369
051323
005828
024574
051240
026470
051293
035151
046165
025938
012779
010887
007714
038744
016376
033567
047841
032021
003136
040686
024949
055245
039938
029399
017803
051094
037044
041897
016431
029499
010260
038948
049626
018603
043929
010431
022331
019491
019290
031069
013886
040722
011965
007941
031771
035703
040023
032321
032387
023055
019271
018663
021285
051421
031180
018444
028319
037374
013827
000576
009799
000389
025443
024667
031967
033591
049392
016601
033090
028460
035274
023080
038171
032916
053079
032070
047326
034797
001528
030917
046131
030531
008993
019878
004901
033220
034793
031617
040372
010423
033279
041866
039279
006460
007881
027069
011790
036717
032940
007824
004472
014754
042570
047064
025516
006782
036174
025463
037100
024977
051532
023053
031505
016679
032235
041906
038187
036398
003298
009828
038418
047157
